INTERACTION_STRENGTH ISING
INTERACTION_TYPE ASYNC
NODES 40
FIXED_NODES nnnnnnnnnnnnnnnnnnnnnnnnnnnnnnnnnnnnnnnn
TOPOLOGY
1 0 -1 -1 -1 1 -1 1 -1 0 0 0 1 0 1 -1 0 -1 1 0 0 1 0 0 -1 -1 1 -1 0 1 0 1 -1 -1 -1 1 1 1 -1 -1 
-1 0 1 0 0 1 0 1 1 -1 -1 -1 -1 0 -1 1 -1 0 -1 0 0 1 0 1 0 1 0 1 0 1 1 1 1 -1 -1 0 1 -1 0 1 
0 0 -1 1 -1 -1 -1 0 0 0 1 1 1 0 1 0 0 -1 1 -1 1 0 -1 -1 0 -1 -1 1 -1 0 0 1 -1 0 -1 1 0 -1 0 0 
-1 1 1 -1 1 -1 0 0 1 1 -1 0 1 1 0 0 -1 1 1 0 0 -1 -1 0 1 0 0 -1 1 -1 1 -1 0 0 0 0 1 -1 -1 1 
1 1 1 -1 1 -1 0 1 1 0 0 0 1 1 0 1 0 0 -1 -1 -1 1 1 1 -1 -1 1 -1 -1 1 -1 1 1 0 -1 -1 1 1 -1 0 
1 0 1 0 -1 -1 1 1 1 -1 1 1 1 -1 1 -1 0 -1 0 1 0 0 1 -1 -1 1 -1 -1 -1 1 0 0 0 0 0 0 1 1 0 -1 
1 0 0 -1 0 1 -1 -1 1 -1 -1 1 0 -1 -1 0 0 0 -1 0 0 -1 1 0 1 -1 0 1 -1 0 0 -1 0 1 1 1 -1 0 -1 1 
-1 1 -1 1 1 0 1 -1 -1 0 1 1 1 1 -1 1 -1 0 -1 1 1 1 -1 0 0 -1 -1 -1 0 0 -1 -1 -1 -1 -1 -1 -1 1 -1 0 
0 -1 1 -1 0 0 -1 1 0 0 1 -1 0 -1 0 0 -1 -1 0 -1 0 1 0 -1 1 -1 0 0 0 1 0 -1 0 1 0 1 0 1 0 0 
-1 1 0 0 0 0 -1 0 1 0 -1 1 -1 1 1 1 0 -1 0 1 -1 -1 0 0 -1 0 1 -1 -1 -1 1 1 -1 1 1 1 0 -1 1 -1 
0 -1 -1 0 1 1 -1 0 -1 -1 -1 0 0 1 1 -1 0 1 0 0 1 0 1 0 1 -1 1 0 0 1 1 1 -1 -1 -1 -1 -1 0 0 0 
-1 0 1 1 -1 -1 1 0 1 1 0 0 0 1 1 -1 0 0 0 -1 1 0 0 -1 1 1 1 0 1 1 1 0 0 0 -1 1 0 0 -1 -1 
0 1 -1 0 1 0 0 0 0 1 1 0 -1 -1 0 0 -1 -1 -1 0 1 1 0 1 0 1 0 -1 -1 1 1 1 0 1 0 -1 1 0 0 -1 
0 -1 1 0 0 -1 -1 1 0 -1 -1 1 -1 0 0 1 -1 1 0 1 1 -1 -1 1 -1 0 0 1 1 1 1 0 1 0 0 -1 0 -1 1 0 
-1 0 1 -1 0 -1 -1 1 1 -1 1 -1 -1 0 1 0 0 1 0 -1 1 -1 -1 1 -1 1 -1 0 -1 1 -1 1 -1 -1 1 0 -1 0 -1 0 
-1 1 -1 1 0 1 -1 0 -1 1 0 0 0 -1 -1 0 -1 1 0 -1 0 0 0 -1 0 -1 1 1 0 -1 -1 1 0 -1 -1 0 -1 -1 1 -1 
1 1 0 -1 -1 0 0 0 1 -1 0 0 1 -1 0 0 1 0 0 1 0 0 1 -1 -1 0 0 -1 0 0 -1 -1 -1 0 1 0 -1 -1 -1 1 
0 -1 0 1 1 -1 0 1 1 0 0 0 -1 0 1 0 1 1 -1 0 1 1 1 -1 0 0 -1 -1 1 1 0 -1 1 0 -1 -1 1 -1 -1 0 
1 0 1 1 0 -1 -1 0 -1 0 1 0 1 0 -1 1 1 1 0 1 0 0 0 -1 1 -1 -1 1 -1 -1 1 -1 -1 1 0 0 -1 -1 -1 0 
-1 -1 -1 -1 1 0 0 1 1 -1 0 0 1 -1 -1 -1 1 0 -1 1 1 -1 0 -1 0 -1 0 1 1 0 -1 -1 -1 -1 1 1 -1 1 0 -1 
-1 1 -1 0 1 1 -1 -1 0 0 -1 0 -1 0 -1 1 -1 1 0 0 1 -1 0 -1 0 0 -1 1 -1 -1 1 0 -1 0 1 0 1 1 1 1 
1 -1 -1 1 0 -1 -1 1 0 1 -1 0 0 0 0 0 1 0 1 -1 -1 0 -1 1 1 0 0 1 -1 1 1 0 -1 -1 0 -1 1 0 1 1 
1 0 0 0 -1 0 -1 0 0 -1 -1 0 -1 0 0 -1 0 0 0 -1 1 -1 -1 0 1 0 1 1 -1 -1 0 0 1 1 -1 1 -1 -1 -1 0 
-1 -1 0 -1 -1 -1 0 1 1 0 0 0 1 -1 -1 1 1 1 -1 1 0 -1 0 -1 -1 0 1 -1 -1 0 1 0 0 1 -1 0 1 -1 -1 1 
0 0 0 1 1 1 -1 -1 -1 0 0 1 1 0 0 0 0 1 -1 0 -1 1 0 -1 1 1 0 0 -1 0 1 1 0 1 0 1 -1 0 -1 -1 
-1 1 -1 -1 -1 -1 0 0 0 -1 1 0 1 1 0 -1 1 -1 -1 0 1 0 0 -1 1 1 0 1 1 0 -1 1 1 -1 1 0 -1 0 -1 0 
0 0 1 -1 -1 -1 0 -1 -1 0 -1 1 0 0 0 0 0 -1 -1 1 0 1 1 0 1 0 0 1 1 1 -1 -1 1 0 1 -1 1 0 1 -1 
-1 0 1 1 0 -1 -1 1 -1 1 1 -1 0 -1 0 0 1 0 1 1 0 1 1 0 -1 0 1 0 -1 1 0 0 1 0 -1 -1 -1 -1 -1 0 
0 1 0 0 -1 1 -1 0 0 1 1 1 -1 0 -1 0 0 1 1 0 1 0 0 1 -1 0 1 1 0 1 1 -1 0 1 1 1 -1 0 0 0 
1 1 -1 1 -1 -1 1 1 1 0 1 0 1 0 1 0 1 -1 0 -1 0 -1 0 0 1 -1 -1 1 -1 -1 1 0 0 1 1 1 -1 1 0 1 
1 1 1 1 -1 1 -1 1 0 0 -1 0 0 -1 0 -1 1 -1 1 -1 1 -1 0 1 -1 -1 -1 -1 -1 0 1 1 0 1 -1 1 1 0 -1 1 
0 -1 -1 1 1 1 1 -1 -1 1 1 -1 -1 -1 -1 -1 0 1 0 0 1 -1 1 -1 1 1 1 1 -1 -1 1 -1 -1 1 -1 -1 0 -1 1 -1 
1 0 -1 0 -1 -1 0 1 -1 1 -1 0 1 -1 0 -1 0 -1 -1 -1 -1 -1 0 0 -1 0 0 1 1 -1 1 1 -1 0 1 -1 0 0 1 -1 
0 1 0 0 0 0 0 1 1 -1 1 -1 1 1 0 1 -1 0 0 0 -1 0 -1 0 -1 -1 1 0 0 -1 -1 -1 1 1 1 1 -1 0 0 -1 
-1 -1 0 1 0 1 1 -1 1 1 1 -1 -1 0 0 0 -1 -1 1 1 0 0 0 1 0 1 0 -1 1 -1 0 1 1 1 -1 1 -1 -1 0 -1 
0 0 -1 1 1 1 -1 1 1 -1 1 0 1 -1 -1 1 -1 0 1 1 1 0 0 0 0 1 -1 1 -1 0 0 -1 0 -1 -1 -1 0 -1 -1 0 
1 1 0 -1 -1 -1 0 1 0 1 -1 0 1 1 -1 0 -1 1 1 -1 -1 0 0 1 1 0 0 1 0 0 -1 -1 -1 -1 1 -1 0 -1 1 0 
0 1 1 1 0 1 0 0 0 -1 0 1 0 0 0 1 -1 -1 0 0 -1 1 0 1 0 0 1 1 0 1 0 0 0 -1 -1 1 -1 0 0 0 
1 -1 -1 1 0 1 1 1 1 -1 1 1 0 0 0 -1 1 -1 -1 -1 -1 0 0 0 1 1 1 0 0 -1 1 1 0 -1 0 0 0 -1 1 -1 
0 -1 0 0 1 1 -1 0 -1 0 0 1 -1 -1 1 1 1 0 -1 1 1 1 1 0 1 -1 1 0 1 0 0 0 1 1 0 0 -1 -1 0 1 

END
