k
3	0 0 0 0 0 1 0 1 1 0 1 1 0 1 0 0 1 1 1 1 0 1 0 0 1 0 0 0 1 1 0 0 0 1 0 0 0 1 1 1 
9	0 0 0 0 0 1 1 0 0 0 0 0 1 0 0 0 1 0 0 1 0 0 0 1 0 1 1 0 1 1 0 0 0 1 1 0 0 1 1 1 
1	0 0 0 0 0 1 1 0 0 0 0 0 0 0 0 0 1 0 0 1 0 0 0 0 0 0 1 0 1 1 0 0 0 1 1 0 0 1 1 1 
3	0 0 0 0 0 0 0 0 0 0 1 1 0 1 0 0 1 1 0 1 1 1 0 0 1 1 1 0 1 0 0 1 0 0 1 0 0 0 1 1 
21	0 0 0 0 1 1 1 0 1 0 1 1 1 0 0 0 0 0 0 1 0 0 0 0 1 1 1 0 1 1 0 1 0 1 1 0 0 1 1 1 
90	0 0 0 0 0 1 1 0 0 0 0 1 0 0 0 0 1 0 0 1 0 1 0 0 1 1 1 0 1 0 0 0 0 0 1 0 0 1 1 1 
3	0 0 0 1 0 1 1 1 1 0 1 1 0 1 0 0 0 1 0 1 0 0 0 0 1 0 1 0 1 1 0 0 0 1 1 0 0 1 1 1 
4	0 0 0 1 0 1 1 1 1 0 1 1 0 1 0 0 0 1 1 1 1 0 0 0 0 0 0 0 1 1 1 0 0 1 1 1 0 1 0 1 
1	0 0 1 1 1 0 0 0 0 1 1 1 1 1 0 0 0 1 1 0 0 1 0 0 1 0 1 0 1 0 0 1 0 1 1 0 1 0 1 1 
1	0 0 1 1 1 0 0 0 0 0 1 1 1 1 0 0 0 1 1 0 1 1 0 0 1 0 1 0 1 0 0 1 0 1 1 0 1 0 1 1 
14	0 0 1 1 0 1 0 0 1 0 1 1 1 1 0 0 0 0 1 0 1 1 0 0 1 0 1 0 1 1 1 0 0 1 1 0 0 1 1 1 
1	0 1 0 0 0 1 0 1 0 0 1 1 0 1 0 0 1 1 0 1 0 0 0 0 1 1 1 0 1 1 0 0 0 1 0 0 0 1 1 1 
59	0 1 0 0 0 1 0 1 0 0 1 1 0 0 0 0 1 1 0 1 0 1 0 0 1 1 1 0 1 0 0 0 0 0 0 0 0 1 1 1 
615	0 0 0 1 0 1 1 1 1 0 1 1 0 1 0 0 0 1 1 1 1 0 0 0 1 0 0 0 1 1 1 0 0 1 1 1 0 1 1 1 
164	0 0 0 1 0 1 0 1 1 0 1 1 0 1 0 0 0 1 1 1 1 1 0 0 1 0 0 0 1 1 0 0 0 1 1 1 0 1 1 1 
19	0 1 0 1 0 1 0 1 0 0 1 1 0 1 0 0 0 1 0 0 1 0 0 0 1 1 0 0 1 1 0 0 0 0 0 1 0 1 1 1 
53	0 1 0 1 0 1 0 1 0 0 1 1 0 1 0 0 0 1 0 1 1 0 0 0 1 1 0 0 1 1 0 0 0 0 0 1 0 1 0 1 
126	0 1 0 0 0 1 0 1 0 0 1 1 0 1 0 0 1 1 0 1 1 0 0 0 1 1 1 0 1 1 0 0 0 0 0 0 0 1 1 1 
815	0 1 0 0 0 1 0 1 0 0 1 1 0 1 0 0 1 1 0 1 1 0 0 0 1 1 0 0 1 1 0 0 0 0 0 1 0 1 1 1 
40	0 1 0 1 0 1 0 1 0 0 1 1 0 1 0 0 0 1 1 1 1 0 0 0 1 1 0 0 1 1 1 0 0 0 1 1 0 1 0 1 
179	0 1 0 1 0 1 0 1 0 0 1 1 0 1 1 0 0 1 0 1 1 0 0 0 1 1 0 0 1 1 0 0 0 0 0 1 0 1 1 1 
29	0 1 0 1 0 1 1 1 0 0 0 1 1 1 0 0 0 0 1 1 1 0 0 0 1 1 0 0 1 1 1 0 0 1 1 1 0 1 0 1 
30	0 1 0 1 0 1 1 1 1 1 0 1 1 0 0 0 0 0 0 1 1 1 0 0 1 0 1 0 1 1 1 0 0 1 1 0 0 1 1 1 
56	0 1 0 1 0 1 0 1 1 0 1 1 1 1 0 0 1 1 1 1 1 1 0 0 1 1 0 0 1 1 1 0 0 1 1 1 0 1 1 1 
215	0 1 0 1 0 1 0 1 1 0 1 1 1 1 0 0 0 1 1 1 1 1 0 0 1 1 0 0 1 1 1 0 0 1 1 1 0 1 1 1 
347	0 1 0 1 1 1 0 1 1 0 1 1 1 0 0 0 1 1 0 1 0 1 0 0 1 1 0 0 1 1 0 0 0 0 0 1 0 1 1 1 
11	0 1 1 1 0 1 0 1 1 0 1 1 0 1 0 0 0 1 0 0 1 0 0 0 1 0 0 0 1 1 1 0 0 0 0 1 0 1 1 1 
60	0 1 1 1 0 1 0 1 1 0 1 1 0 1 0 0 0 1 0 0 1 1 0 0 1 0 0 0 1 1 1 0 0 0 0 1 0 1 1 1 
259	0 1 0 1 1 1 0 1 1 0 1 1 1 1 0 0 0 1 0 0 1 1 0 0 1 1 0 0 1 1 1 0 0 1 0 1 0 1 1 1 
22	0 1 1 1 0 1 0 1 1 0 1 1 1 1 0 0 0 1 0 0 1 0 0 0 1 1 0 0 1 1 1 0 0 0 0 1 1 1 1 0 
101	0 1 1 1 0 1 0 1 1 0 1 1 1 1 0 0 0 0 0 0 1 0 0 0 1 1 0 0 1 1 1 0 0 0 0 1 0 1 1 1 
475	0 1 1 1 0 1 0 1 1 0 1 1 0 1 0 0 0 1 1 0 1 1 0 0 1 0 0 0 1 1 1 0 0 0 0 1 0 1 1 1 
183	0 1 1 1 0 1 0 1 1 0 1 1 1 1 1 0 0 1 0 0 1 1 0 0 1 1 0 0 1 1 1 0 0 0 0 1 0 1 1 1 
91	0 1 1 1 1 1 0 1 1 0 1 1 0 1 0 0 0 1 1 0 1 1 0 0 1 0 0 0 1 1 1 0 0 0 0 1 0 1 0 1 
66	0 1 1 1 1 0 0 1 1 0 1 1 0 1 0 0 0 1 1 0 1 1 0 0 1 0 0 1 1 1 1 0 0 1 0 1 0 1 0 1 
6	0 1 1 1 1 1 0 1 1 0 1 1 0 1 1 0 0 1 0 0 1 0 0 0 1 0 0 0 1 1 1 0 0 0 0 1 0 1 1 1 
13	0 1 1 1 1 1 0 1 1 0 1 1 1 1 0 0 0 0 1 0 1 1 0 0 1 0 0 0 1 1 1 0 0 1 1 1 0 1 1 1 
14	0 1 1 1 1 1 0 1 1 0 1 1 0 1 1 0 0 1 1 0 1 0 0 0 1 0 0 0 1 1 1 0 0 0 0 1 0 1 0 1 
163	0 1 1 1 1 1 0 1 1 0 1 1 0 1 0 0 0 1 1 0 1 1 0 0 1 0 0 0 1 1 1 0 0 0 0 1 0 1 1 1 
1100	0 1 1 1 0 1 0 1 1 0 1 1 1 1 0 0 0 1 0 0 1 1 0 0 1 1 0 0 1 1 1 0 0 0 0 1 0 1 1 1 
2395	0 1 0 1 0 1 0 1 0 0 1 1 0 1 0 0 0 1 0 1 1 0 0 0 1 1 0 0 1 1 0 0 0 0 0 1 0 1 1 1 
39	0 1 1 1 1 1 0 1 1 0 1 1 1 1 1 0 0 1 0 0 1 0 0 0 1 1 0 0 1 1 1 0 0 0 0 1 0 1 1 1 
63	0 1 1 1 1 1 0 1 1 0 1 1 1 1 0 0 0 1 1 0 1 1 0 0 1 1 0 0 1 1 1 0 0 0 0 1 0 1 1 1 
126	0 1 1 1 1 1 0 1 1 0 1 1 1 1 1 0 0 1 0 0 1 0 0 0 1 1 0 0 1 1 1 0 0 1 0 1 0 1 1 1 
1	1 0 0 0 0 1 0 0 0 0 1 0 0 0 0 0 1 1 1 1 0 1 0 0 0 0 0 0 1 0 0 0 0 0 0 0 0 1 1 1 
1	1 0 0 0 0 1 0 1 0 0 1 1 0 1 1 0 0 1 0 1 1 0 0 0 0 0 0 0 1 1 0 0 0 0 0 0 0 1 1 1 
2	1 0 0 0 1 1 0 1 1 0 1 1 0 1 0 0 1 1 1 1 1 1 0 0 1 0 0 0 1 1 0 0 0 0 0 1 0 1 1 1 
2	1 1 0 0 0 1 0 1 0 0 1 1 0 1 0 0 0 1 0 1 1 0 0 0 0 0 0 0 1 1 1 0 0 0 0 1 0 1 1 1 
3	1 0 0 0 1 1 0 1 1 0 1 1 0 1 0 0 1 1 1 1 0 1 0 0 1 0 0 0 1 1 0 0 0 0 0 1 0 1 1 1 
6	1 0 0 0 0 1 0 1 0 0 1 1 0 1 1 0 0 1 0 1 1 0 0 0 0 1 0 0 1 1 0 0 0 0 0 1 0 1 1 1 
14	1 0 0 0 0 1 0 1 0 0 1 1 0 1 0 0 1 1 0 1 1 0 0 0 0 1 0 0 1 1 0 0 0 0 0 1 0 1 1 1 
17	1 0 0 0 0 1 0 0 1 0 1 1 0 1 0 0 1 1 1 1 1 1 0 0 0 0 0 0 1 1 1 0 0 0 0 1 0 1 1 1 
43	1 1 0 0 0 1 0 1 0 0 1 1 0 1 0 0 1 1 1 1 1 1 0 0 0 0 0 0 1 1 1 0 0 0 0 1 0 1 1 1 
14	1 1 0 0 0 1 0 1 1 0 1 1 0 1 0 0 1 1 0 1 1 1 0 0 1 1 0 0 1 1 0 0 0 0 0 1 0 1 1 1 
16	1 1 0 0 0 1 0 1 0 0 1 1 0 1 1 0 0 1 0 1 1 0 0 0 1 1 0 0 1 1 0 0 0 0 0 1 0 1 1 1 
55	1 1 0 0 0 1 0 1 0 0 1 1 0 1 0 0 1 1 0 1 1 0 0 0 1 1 0 0 1 1 0 0 0 0 0 1 0 1 1 1 
4	1 0 0 0 0 1 0 0 0 0 1 0 0 1 0 0 1 0 0 1 0 0 0 0 0 1 1 0 1 1 0 0 0 1 1 0 0 1 1 1 
59	0 1 1 1 1 1 0 1 1 0 1 1 1 1 1 0 0 1 0 0 1 1 0 0 1 1 0 0 1 1 1 0 0 0 0 1 0 1 1 1 
133	1 1 0 0 0 1 0 1 1 0 1 1 0 1 0 0 1 1 1 1 1 1 0 0 0 0 0 0 1 1 1 0 0 0 0 1 0 1 1 1 
86	1 1 0 0 0 1 1 1 0 0 1 1 0 0 0 0 1 1 0 1 1 0 0 0 1 1 0 0 1 1 0 0 0 0 0 1 0 1 1 1 
14	1 1 0 0 1 1 1 1 1 0 0 0 1 0 0 0 1 0 0 1 0 1 0 0 1 1 0 0 0 1 0 0 0 0 0 1 0 1 1 1 
7	1 1 0 0 1 1 1 1 1 0 0 0 1 0 0 0 1 1 0 1 0 1 0 0 0 0 0 0 1 1 0 0 0 1 0 0 0 1 1 1 
1492	1 1 0 0 1 1 1 1 1 0 0 1 1 0 0 0 1 0 0 1 0 1 0 0 1 1 1 0 1 1 0 0 0 0 0 1 0 1 1 1 
19	1 1 0 0 0 1 1 0 0 0 0 1 0 0 0 0 1 0 0 1 0 0 0 0 0 1 1 0 1 1 0 0 0 0 0 0 0 1 1 1 
2	1 1 0 1 0 1 0 1 1 0 1 1 1 1 0 0 0 1 0 1 1 1 0 0 1 1 0 0 1 1 1 0 0 0 0 1 1 1 1 0 
115	1 1 0 1 1 1 0 1 0 0 1 1 1 1 0 0 0 1 0 1 1 1 0 0 1 1 0 0 1 1 0 0 0 0 0 1 1 1 1 1 
554	1 1 0 1 1 1 0 1 0 0 1 1 1 1 0 0 0 1 0 1 1 1 0 0 1 1 1 0 1 1 0 0 0 0 0 1 1 1 1 1 
129	1 1 0 1 1 1 0 1 1 0 1 1 1 1 0 0 0 1 0 0 1 1 0 0 1 1 0 0 1 1 1 0 0 0 0 1 1 1 1 0 
214	1 1 0 1 1 1 0 1 1 0 1 1 1 1 0 0 0 1 0 0 1 1 0 0 1 1 0 0 1 1 1 0 0 0 0 1 0 1 1 1 
77	1 1 0 1 1 1 1 1 1 0 0 1 1 0 0 0 0 1 0 1 0 1 0 0 1 0 1 0 1 1 0 0 0 1 0 1 1 1 1 1 
205	1 1 0 1 1 1 0 1 1 0 1 1 1 1 0 0 0 1 0 1 1 1 0 0 1 1 0 0 1 1 0 0 0 0 0 1 1 1 1 1 
8	1 1 1 1 0 1 0 0 0 0 1 1 0 1 1 0 0 1 1 0 1 0 0 0 1 1 0 0 1 1 1 0 0 0 0 1 0 1 0 1 
367	1 1 0 1 1 1 1 1 1 0 1 1 1 0 0 0 0 1 1 0 0 1 0 0 1 0 0 0 1 1 1 0 0 1 0 1 0 1 1 1 
1796	1 1 0 1 1 1 0 1 1 0 1 1 1 1 0 0 0 1 0 0 1 1 0 0 1 1 0 0 1 1 1 0 0 0 0 1 1 1 1 1 
264	1 1 0 0 1 1 1 1 1 0 1 1 0 0 0 0 1 1 0 1 0 1 0 0 1 0 0 0 1 1 0 0 0 0 0 1 0 1 1 1 
4	1 1 1 1 0 1 0 0 1 0 1 1 1 0 0 0 0 1 1 0 1 1 0 0 1 0 0 0 1 1 1 0 0 0 0 1 1 1 1 0 
8	1 1 1 1 0 1 0 0 1 0 1 1 1 1 0 0 0 1 0 0 1 0 0 0 1 1 0 0 1 1 1 0 0 0 0 1 1 1 1 0 
187	1 1 1 1 0 1 0 0 1 0 1 1 1 0 0 0 0 1 1 0 1 1 0 0 1 0 0 0 1 1 1 0 0 0 0 1 1 1 1 1 
1150	1 1 1 1 1 1 0 1 1 0 1 1 0 1 0 0 0 1 1 0 1 1 0 0 1 0 0 0 1 1 1 0 0 0 0 1 0 1 1 1 
1588	1 1 1 1 0 1 0 0 1 0 1 1 0 1 0 0 0 1 1 0 1 1 0 0 1 0 0 0 1 1 1 0 0 0 0 1 1 1 1 1 
2445	1 1 1 1 1 1 0 1 1 0 1 1 1 1 0 0 0 1 1 0 1 1 0 0 1 0 0 0 1 1 1 0 0 1 0 1 1 1 1 1 
2802	1 1 1 1 1 1 0 1 1 0 1 1 1 1 0 0 0 1 1 0 1 1 0 0 1 0 0 0 1 1 1 0 0 1 0 1 0 1 1 1 
9257	1 1 1 1 1 1 0 1 1 0 1 1 1 1 0 0 0 1 1 0 1 1 0 0 1 0 0 0 1 1 1 0 0 0 0 1 1 1 1 1 
1523	0 1 1 1 1 1 0 1 1 0 1 1 1 1 0 0 0 1 1 0 1 1 0 0 1 0 0 0 1 1 1 0 0 1 0 1 0 1 1 1 
